1031
157 784
552 429
458 230
688 760
495 916
658 50
613 748
978 964
253 642
767 501
350 305
403 888
510 737
90 892
37 251
239 367
821 257
270 533
875 988
316 391
664 92
72 361
404 346
448 1007
708 295
320 310
336 432
60 254
264 378
690 956
43 322
28 648
475 1008
725 256
545 535
1002 312
50 1028
698 420
653 950
859 367
746 945
330 547
874 556
412 917
547 497
665 395
335 708
294 955
428 523
423 871
432 199
943 111
41 942
762 764
985 768
652 568
255 633
448 644
596 175
566 560
951 386
565 671
869 639
935 543
381 814
416 291
209 451
650 1007
740 149
522 827
59 326
954 60
935 364
906 472
742 58
379 41
563 174
491 953
142 998
494 669
678 250
681 120
84 183
278 431
928 369
927 802
808 116
915 653
243 379
287 1028
911 81
949 492
68 393
538 152
761 152
425 389
332 455
780 574
428 54
942 270
313 752
642 259
820 732
843 1001
108 422
457 908
328 832
1006 266
666 528
706 643
158 680
400 226
697 825
333 299
833 296
972 419
430 25
259 277
116 688
885 509
686 77
973 1026
966 469
495 619
738 723
851 286
556 218
553 986
608 675
480 379
700 982
22 24
829 170
790 814
326 1028
590 156
322 170
879 510
1019 219
470 271
375 367
71 223
813 586
492 747
871 999
895 278
319 508
934 309
871 854
329 662
672 300
455 322
573 977
414 901
459 679
86 308
843 87
923 743
123 664
409 459
845 711
473 40
580 496
115 135
665 714
334 718
966 629
394 44
489 749
772 892
877 276
208 570
160 869
625 439
81 958
346 963
21 439
454 970
101 278
153 292
197 438
650 677
629 957
872 955
474 119
505 789
695 18
368 448
506 617
128 624
540 685
723 243
758 91
973 752
499 805
198 620
554 1004
65 712
248 486
669 661
421 759
291 715
626 636
660 359
847 352
758 301
694 492
904 862
576 954
530 576
779 634
366 243
38 894
382 946
596 867
464 369
89 674
668 305
966 962
771 136
692 321
1011 9
556 449
193 572
306 868
980 611
891 266
289 164
120 849
815 932
154 502
93 124
603 369
215 935
179 425
334 923
51 479
579 490
979 993
165 936
818 951
245 803
343 792
110 187
762 366
846 842
786 526
496 592
636 47
548 397
994 110
1025 113
736 473
673 552
654 517
45 836
643 17
31 64
151 162
513 667
932 275
374 286
503 443
355 274
631 444
579 354
982 491
189 347
39 319
337 821
116 423
774 50
1 505
710 834
920 422
267 108
862 997
454 210
913 590
413 890
220 213
358 631
837 129
628 865
755 612
296 424
986 828
958 739
624 488
735 759
781 453
276 590
223 795
762 573
429 573
615 452
924 661
384 624
887 908
154 187
769 835
1004 921
702 858
620 664
509 706
214 188
703 529
438 474
619 394
1023 462
107 214
718 447
778 292
817 496
504 809
198 939
402 769
811 140
475 23
695 242
415 553
550 99
496 803
219 567
631 85
428 121
842 532
54 146
220 519
273 520
432 963
127 304
910 543
220 844
19 703
412 200
542 611
884 816
1021 704
730 544
647 513
525 992
96 812
777 789
177 716
999 55
688 317
281 9
221 288
661 794
103 333
183 503
473 622
553 663
830 893
740 373
645 1025
814 82
757 753
300 316
704 211
941 111
267 236
318 505
601 310
539 576
49 79
549 142
865 789
542 1005
195 453
250 376
100 651
786 244
587 951
117 709
640 273
890 820
589 956
973 558
120 302
400 122
242 44
653 465
683 714
240 227
23 190
488 126
1003 673
557 31
536 736
794 861
24 381
260 262
259 62
411 367
21 1018
154 1000
1025 1008
527 825
456 339
319 106
178 11
228 909
728 700
176 136
773 332
413 575
109 413
858 1017
939 468
7 716
931 621
798 222
221 696
954 570
226 612
401 678
793 973
504 735
904 264
246 144
392 707
621 481
391 500
493 889
776 348
831 256
984 267
84 239
706 111
860 582
164 675
697 666
436 399
729 174
255 638
1023 290
357 784
434 80
222 438
73 296
803 11
740 946
83 883
170 2
868 610
583 719
960 510
376 994
655 1003
930 779
461 223
877 844
189 935
66 770
69 28
279 173
55 10
853 362
857 231
652 550
476 242
694 457
623 696
670 253
184 189
967 549
20 348
857 955
439 979
33 908
1005 805
716 649
895 466
315 836
848 770
1024 837
595 830
278 383
946 864
60 203
537 361
994 78
224 425
664 251
622 196
876 181
397 649
918 879
185 1015
462 41
649 709
551 937
825 387
541 911
596 307
314 650
117 564
775 759
130 739
131 902
598 472
910 506
298 651
911 565
825 206
497 382
382 629
60 446
588 894
731 418
318 186
933 334
464 319
75 781
660 256
380 863
427 703
44 651
996 726
1002 1011
14 289
869 872
945 428
727 391
483 626
358 25
51 733
638 599
1018 889
179 770
735 856
88 941
210 3
398 379
168 217
217 64
445 978
864 826
273 1006
1017 26
855 990
943 724
854 665
1008 455
140 624
499 464
142 68
823 1008
701 145
810 279
691 956
282 145
303 714
289 924
570 609
686 484
147 830
1023 1007
840 498
509 705
739 48
207 805
574 878
892 976
227 478
442 726
286 459
162 328
922 280
522 487
53 769
631 922
197 250
581 329
29 628
204 371
194 709
159 1027
340 947
270 991
21 855
914 836
978 316
929 932
358 653
335 89
565 354
741 504
343 84
608 969
213 649
526 892
737 498
473 756
883 635
81 477
381 170
12 415
787 999
813 701
226 252
949 1011
700 1010
132 219
418 471
633 27
262 768
290 821
549 202
125 960
305 519
850 116
782 926
901 767
791 372
901 574
84 799
141 901
275 838
562 663
684 592
571 418
160 697
352 414
799 881
1029 816
432 460
502 639
593 829
335 353
868 588
198 396
951 954
682 42
550 853
15 248
449 242
131 120
436 832
338 827
74 163
441 726
535 937
883 710
628 804
1016 883
877 4
509 220
940 418
79 888
164 586
159 139
584 578
687 248
36 957
313 659
265 112
636 164
233 944
806 134
262 396
785 791
482 810
702 65
163 629
895 348
225 436
660 486
944 900
234 793
271 693
614 983
645 138
766 700
414 232
230 292
839 112
181 522
246 505
296 987
159 697
907 556
95 503
407 840
989 232
807 857
230 112
28 408
584 46
452 438
518 251
131 108
882 456
241 572
585 884
994 999
744 565
380 67
297 896
775 394
316 702
742 592
827 538
1000 909
321 58
638 67
99 637
636 346
363 495
909 599
619 243
797 185
621 657
423 917
123 291
845 1011
1009 450
681 511
174 13
1001 899
936 279
550 613
405 513
823 888
919 933
596 454
258 975
600 256
854 521
25 886
222 56
600 619
134 904
1013 152
83 594
310 454
746 335
694 626
676 475
239 788
393 480
380 507
531 189
520 390
259 555
983 783
7 605
759 275
845 94
934 459
966 1020
121 515
293 326
818 328
366 736
897 740
400 699
762 187
331 112
559 232
896 799
370 694
968 538
20 489
667 654
17 249
68 453
248 485
212 791
894 1019
190 98
52 97
328 813
765 390
763 96
417 453
397 419
630 17
751 965
641 51
155 791
902 72
488 34
998 342
746 483
128 196
105 523
937 458
114 663
543 213
880 899
4 516
422 274
246 467
434 1014
801 678
434 824
404 221
663 796
944 858
410 930
890 949
322 842
616 413
422 745
324 494
586 952
1009 675
148 688
19 436
271 235
183 136
597 376
904 28
890 1004
957 903
905 754
81 32
1022 452
709 420
192 391
513 822
582 737
354 57
703 618
456 646
58 560
881 478
272 332
333 38
477 656
209 721
323 324
981 549
865 572
916 679
274 720
53 544
452 604
808 191
381 983
1009 880
6 99
832 458
948 757
127 2
779 844
571 63
68 642
722 274
854 481
927 147
478 704
776 1005
573 158
187 540
102 227
503 734
389 323
93 161
201 579
58 782
185 800
546 668
268 329
86 803
718 866
593 406
97 85
388 251
385 983
284 252
45 872
237 908
684 131
441 684
79 719
10 73
666 143
250 652
332 970
377 365
204 775
705 571
31 912
689 850
767 1012
577 370
686 358
171 168
489 5
607 2
514 978
91 779
696 526
460 569
169 858
757 166
911 229
975 83
433 494
969 313
1000 280
656 285
23 440
273 639
270 155
51 735
434 38
439 47
544 341
423 185
704 0
965 276
899 382
463 491
415 437
1028 1001
292 61
666 8
784 283
366 180
323 799
269 215
397 524
717 215
512 990
899 209
97 435
789 775
869 606
852 850
155 329
924 429
338 985
214 813
561 686
650 35
525 696
205 633
121 16
894 442
988 10
632 50
284 969
519 541
602 582
4 837
840 345
310 247
30 384
1002 182
53 831
230 104
290 174
183 238
210 898
181 591
380 925
684 31
757 20
816 594
584 993
916 702
142 392
860 351
667 348
42 297
594 1030
450 165
392 971
334 282
271 275
860 1000
726 83
221 961
223 45
784 290
974 57
352 819
959 932
998 426
133 457
349 986
861 441
792 873
812 1023
590 360
862 776
957 150
879 356
478 472
410 167
542 927
118 675
995 739
232 754
420 327
1026 870
456 955
20 325
227 311
946 340
365 521
819 685
933 344
70 586
214 956
938 572
535 216
841 538
982 902
140 627
1005 502
986 263
534 483
76 1017
713 934
1003 475
291 261
262 14
93 85
152 750
642 172
121 137
553 209
668 289
115 746
800 56
529 568
881 434
935 290
633 919
646 974
908 473
196 331
382 466
398 327
1012 378
221 992
334 832
395 340
261 880
87 705
818 958
29 536
752 602
713 492
1020 1015
564 257
485 176
460 360
863 984
463 199
696 806
55 390
792 150
995 784
216 254
720 775
4 668
183 776
159 260
466 289
174 978
867 940
896 697
275 323
54 472
345 581
512 506
119 534
22 135
984 773
976 24
779 89
531 76
578 683
649 247
765 68
316 1015
675 910
28 186
844 472
431 944
557 660
218 944
226 393
100 318
889 381
120 433
353 266
369 451
1024 28
274 738
768 689
350 308
160 1005
213 15
1004 810
579 164
841 20
600 866
982 561
570 600
356 174
468 483
899 30
283 372
326 1011
960 766
240 782
936 66
80 224
615 79
256 509
857 1010
950 778
751 287
928 189
508 900
590 934
263 822
895 724
964 1
481 554
151 752
292 192
115 305
742 1002
680 701
733 585
710 94
893 163
854 233
952 489
623 636
101 890
360 362
961 497
480 993
620 835
601 712
556 252
145 823
101 898
626 52
421 438
930 820
450 997
721 973
490 339
493 73
780 976
1009 516
780 947
545 116
576 334
33 1024
145 955
179 300
527 204
1006 774
19 378
387 891
412 930
852 636
18 399
146 931
756 500
234 933
155 1008
879 602
34 587
102 114
973 554
816 850
509 276
321 824
617 241
401 91
596 919
499 403
313 233
481 526
304 637
117 615
823 632
537 914
409 24
986 393
762 470
826 511
651 401
990 93
847 920
325 932
861 16
658 823
579 295
191 125
830 890
1017 640
205 1013
821 1013
618 950
636 246
25 651
796 357
36 661
428 1001
589 804
158 44
207 930
10 220
46 690
741 485
141 241
359 598
491 107
838 955
342 506
78 741
332 88
462 471
905 711
166 637
1018 586
507 912
2 688
217 40
809 647
63 306
604 265
716 622
864 509
189 311
24 662
285 523
346 296
112 829
193 84
461 936
394 728
38 60
273 420
978 797
655 163
910 529
1024 604
99 632
151 718
470 352
346 615
507 244
549 420
199 821
310 813
378 81
702 412
578 825
79 66
179 161
666 724
17 302
567 744
514 488
840 766
477 129
858 852
347 802
24 48
465 581
332 923
543 98
785 248
919 900
863 770
245 130
12 398
427 225
55 808
884 57
152 964
510 195
796 1006
171 35
677 39
1013 870
906 114
338 120
806 707
100 940
901 190
286 428
471 282
703 174
681 41
779 583
418 830
262 962
122 297
1031 414
484 1010
728 79
524 635
345 674
894 933
787 950
915 679
814 748
201 979
969 652
817 747
377 747
493 641
726 695
492 779
750 87
596 128
366 6
268 13
259 217
263 968
627 596
860 387
427 931
849 579
709 952
263 501
748 660
152 1017
905 379
966 247
744 268
592 92
111 611
643 904
66 167
738 791
145 985
672 273
568 1018
606 701
419 157
680 92
521 170
896 147
699 781
490 16
1027 166
534 912
194 151
519 705
628 83
68 310
231 828
325 683
713 981
782 875
186 5
835 581
187 1019
778 183
843 34
1028 78
604 71
201 52
801 400
872 931
935 376
481 487
782 874
484 599
109 19
667 1005
260 591
901 132
876 205
44 439
1020 212
711 643
141 296
776 515
499 560
837 948
581 429
47 203
160 82
332 717
625 203
277 120
799 28
58 895
391 152
686 437
752 287
887 1031
186 84
537 1002
557 397
413 672
598 1026
810 594
981 873
960 500
227 601
876 291
375 215
169 691
294 683
680 973
518 504
199 61
793 221
156 836
236 784
261 845
831 205
307 272
218 949
775 14
972 412
138 1013
1005 57
557 582
62 631
888 104
800 1003
610 772
992 369
229 53
1020 279
937 94
639 342
58 141
846 502
346 218
801 195
140 990
410 885
107 977
230 196
412 180
494 120
873 654
979 113
224 162
970 153
91 188
167 108
136 563
954 637
408 878
201 478
334 1023
455 676
880 436
495 450
465 548
877 263
56 640
340 89
190 428
1011 130
452 580
67 367
503 318
982 348
832 615
1005 540
643 921
103 781
665 610
501 619
55 693
735 871
55 455
773 1027
815 249
187 976
999 214
264 900
530 874
984 767
563 96
533 493
283 965
504 514
889 123
721 839
1000 302
590 1008
360 227
163 146
288 711
971 532
241 287
12 43
951 848
834 737
327 125
388 748
51 169
734 363
789 225
621 156
341 68
387 993
293 144
415 175
233 164
995 559
713 525
203 494
370 225
186 219
555 445
486 780
224 706
885 909
14 105
909 515
105 177
470 670
650 455
466 95
573 647
730 661
464 812
876 70
556 469
46 267
385 701
43 926
1011 396
761 53
148 169
788 770
424 577
527 565
97 114
534 421
38 741
762 925
410 572
22 674
609 147
527 987
34 1030
668 705
889 680
977 303
110 454
406 319
552 506
44 242
704 685
537 407
570 296
472 823
270 231
324 902
1027 318
440 946
336 124
663 966
218 380
658 645
165 401
32 160
1002 685
39 154
488 942
411 858
366 94
648 380
784 341
569 796
406 987
887 30
843 543
812 96
570 327
427 299
302 197
121 880
1021 795
444 325
869 316
115 280
776 106
1009 347
157 31
116 102
903 157
642 731
389 873
270 524
521 762
801 224
909 331
810 258
74 928
564 575
929 325
901 40
700 171
368 558
311 925
528 796
803 114
184 908
538 104
199 597
57 101
731 538
721 273
223 929
991 652
109 743
629 146
365 682
553 429
998 908
10 855
116 86
874 638
182 901
11 502
689 74
271 259
522 464
760 26
622 386
524 862
248 83
271 574
776 480
490 173
317 850
759 129
282 542
57 37
175 922
768 227
192 913
549 717
448 210
925 59
26 232
243 538
938 979
520 43
612 888
309 923
571 387
9 377
818 202
524 723
833 731
298 187
956 668
310 1001
33 664
79 458
624 1006
806 535
27 209
122 349
343 342
792 906
824 371
430 474
978 558
448 513
750 679
376 799
118 446
399 652
399 983
157 960
856 1017
374 570
53 494
173 952
711 383
318 274
426 470
1017 546
885 928
1025 757
673 722
531 478
320 503
990 830
121 523
113 953
661 464
896 64
858 698
882 750
497 890
652 122
884 737
253 26
192 899
168 537
906 933
740 933
363 756
818 738
626 587
878 849
584 797
517 1031
441 784
579 589
0 288
303 696
826 763
172 609
132 770
741 353
378 7
133 601
660 755
411 171
107 476
859 389
529 959
45 593
613 45
478 671
146 598
52 991
824 142
361 485
149 118
213 799
404 667
319 428
967 471
948 626
757 500
209 678
430 917
519 819
884 430
568 498
736 563
826 466
269 375
144 1010
432 881
65 116
694 607
221 367
660 278
237 554
708 519
416 530
623 329
159 768
175 742
550 928
377 924
598 198
255 181
164 898
966 793
1021 94
578 595
558 482
167 132
797 75
898 909
328 651
536 101
315 794
681 273
659 355
676 1018
527 976
324 309
566 665
780 943
793 175
243 788
644 429
208 499
97 189
685 777
580 985
336 774
661 190
633 600
449 445
11 483
556 753
871 375
42 90
596 883
657 347
769 667
629 687
547 301
512 574
778 881
347 201
966 87
667 805
3 647
790 163
209 774
739 236
985 262
888 865
484 743
30 642
333 521
975 241
810 858
457 547
494 442
807 752
237 941
632 562
488 715
899 556
364 345
422 668
813 566
563 533
754 944
626 1018
587 210
185 1012
152 62
358 46
174 886
14 402
443 375
800 90
472 539
179 227
738 622
872 719
330 87
831 994
905 211
44 1002
467 851
824 774
122 892
509 985
373 791
960 72
302 654
448 39
987 820
745 766
1020 929
10 628
131 33
890 69
456 948
365 554
107 134
912 306
659 874
216 478
911 332
927 643
756 982
217 246
334 713
607 980
549 190
792 811
624 946
435 471
492 1006
885 728
423 493
531 957
781 906
838 314
456 929
49 831
951 729
105 1021
821 445
694 991
111 213
270 1010
989 982
206 564
301 169
504 127
235 638
505 247
577 501
283 996
945 999
1029 91
821 564
221 147
786 792
800 551
450 751
842 147
182 837
747 512
353 354
669 925
212 26
182 605
335 160
803 2
405 878
238 294
729 34
498 156
285 319
100 501
416 967
714 622
1011 768
278 96
374 502
616 15
878 475
725 695
23 659
30 759
464 826
60 522
952 454
420 507
815 323
337 340
118 604
143 442
791 630
744 749
77 992
797 239
250 350
871 100
837 479
656 961
499 681
117 861
888 275
497 115
870 949
473 83
20 344
171 392
695 757
126 322
697 108
210 301
783 1003
28 104
795 284
330 733
963 695
351 867
427 999
970 665
230 401
145 987
684 480
732 255
228 15
583 437
58 181
431 303
674 1023
196 931
614 484
628 847
549 109
46 159
102 393
551 50
278 268
200 58
1021 731
827 331
608 830
67 417
1016 536
178 344
534 673
737 764
217 496
634 959
425 829
374 500
727 66
577 447
365 853
282 728
590 459
602 868
692 320
251 377
961 139
85 602
588 53
453 418
248 380
911 112
398 771
603 111
746 818
324 907
1007 961
747 939
277 812
632 312
978 975
801 467
322 820
283 751
521 897
794 11
129 281
1008 779
1023 988
653 557
317 911
344 67
974 609
748 222
383 674
610 758
544 442
918 365
798 514
541 692
45 954
737 384
812 307
400 912
8 159
179 916
22 1022
930 350
11 647
532 705
1014 15
21 118
884 137
104 640
514 173
